% Part of the supplementary material for

% Caldag, H.O. & Bees, M.A. Fine-tuning the dispersion of active suspensions using oscillatory flows.

% The code contains the data extracted from Lee et al.'s (2014) Fig. 6A.
% The first column is the x-axis data, the second column is the y-axis
% data.

% Full citation of the article:

% Lee, J., Tripathi, A., & Chauhan, A. (2014). Taylor dispersion in 
% oscillatory flow in rectangular channels. Chemical Engineering Science, 
% 117, 183-197.

lee10=[0.06808	0.01148
0.07806	0.01496
0.08763	0.01872
0.0989	0.02359
0.11642	0.03293
0.11162	0.02388
0.13209	0.0417
0.14829	0.05332
0.17079	0.06747
0.1929	0.08786
0.21885	0.11233
0.24949	0.14474
0.28589	0.17437
0.31961	0.22628
0.379	0.2876
0.39559	0.34374
0.45865	0.40604
0.51854	0.5144
0.61002	0.64072
0.70351	0.79747
0.85917	1.02492
0.98508	1.25818
1.2416	1.50988
1.57317	1.82408
1.97243	2.10741
2.49917	2.38499
3.13345	2.64616
3.94942	2.87322
4.97787	3.11689
6.29618	3.28861
7.90797	3.578
9.96725	3.71669
12.56279	4.13539
15.83422	4.40163
19.47363	4.78856
25.15462	5.17114
31.70504	5.96683
39.96123	6.47941
50.36739	7.41476
63.48338	8.01625
80.01485	9.15155
100.85122	10.05171
127.11351	11.39114
161.27153	12.02096
201.93559	13.95882
254.52089	14.87345
320.79974	17.16308
404.33802	18.56448
504.29712	20.85715
684.19153	23.17148
844.40527	24.90008
];
